# Example constellation lines (HIP IDs)
677 746
677 3092
3092 5447
5447 746
# Orion
24436 25336
25336 26727
26727 27989
27989 28614
28614 29426
29426 28691
28691 27989
# Ursa Major
67301 65378
65378 62956
62956 59774
59774 58001
58001 53910
53910 54061
54061 59774
# Cassiopeia
3179 6686
6686 8886
8886 4427
4427 3179
# Scorpius
78820 78265
78265 78401
78401 78820
78820 79374
79374 80763
80763 80883
80883 82396
82396 82514
82514 82671
82671 82729
82729 82514
# Add more lines for other constellations as needed
